extrinsic
0.9995861 -0.007891996 0.027665973 0.0
0.007776847 0.9999607 0.004267246 0.0
-0.027698562 -0.004050326 0.99960816 0.0
0.0 0.0 0.0 1.0

intrinsic
312.59991455078125 0 256.0
0 312.59991455078125 144.0
0 0 1
